0 0.53984375 0.725 0.2546875 0.11328125
0 0.20703125 0.6546875 0.15859375 0.09140625
0 0.6578125 0.2703125 0.68046875 0.5359375
0 0.13203125 0.33984375 0.2640625 0.3390625
0 0.04453125 0.65390625 0.0890625 0.0796875
0 0.07109375 0.74375 0.1421875 0.053125
0 0.05078125 0.80859375 0.10078125 0.040625
0 0.8765625 0.68046875 0.24296875 0.25703125
0 0.36875 0.85078125 0.4203125 0.12265625
0 0.63671875 0.8265625 0.071875 0.053125
0 0.12734375 0.928125 0.22109375 0.05546875
0 0.50625 0.9328125 0.15859375 0.0484375
0 0.71640625 0.93515625 0.2140625 0.08671875
0 0.3296875 0.95703125 0.19921875 0.0484375
0 0.6734375 0.775 0.06484375 0.0453125
0 0.69140625 0.86328125 0.06953125 0.0453125
0 0.81640625 0.8703125 0.16328125 0.03828125
0 0.77265625 0.81484375 0.1390625 0.06484375
0 0.02265625 0.86875 0.0453125 0.05078125
0 0.1671875 0.9703125 0.11328125 0.021875
0 0.3921875 0.990625 0.334375 0.01875