0 0.4046875 0.75234375 0.18046875 0.115625
0 0.6453125 0.69921875 0.23046875 0.08203125
0 0.43515625 0.60703125 0.1515625 0.07421875
0 0.2203125 0.8125 0.1390625 0.09609375
0 0.178125 0.55078125 0.08671875 0.05078125
0 0.3125 0.50234375 0.134375 0.04296875
0 0.35234375 0.54453125 0.125 0.03828125
0 0.4859375 0.4953125 0.1390625 0.06015625
0 0.125 0.50234375 0.1390625 0.05546875
0 0.4515625 0.4328125 0.31484375 0.06484375
0 0.39296875 0.95546875 0.15625 0.08203125
0 0.31484375 0.321875 0.1515625 0.0453125
0 0.6203125 0.5375 0.21171875 0.04296875
0 0.015625 0.50703125 0.03125 0.0484375
0 0.6828125 0.5765625 0.115625 0.03359375
0 0.6828125 0.6390625 0.134375 0.03828125
0 0.95546875 0.9046875 0.08203125 0.10078125
0 0.803125 0.4859375 0.384375 0.08203125
0 0.7828125 0.7875 0.134375 0.09609375
0 0.2125 0.1390625 0.115625 0.040625
0 0.28984375 0.16484375 0.1296875 0.03828125