0 0.5953125 0.24765625 0.18046875 0.115625
0 0.3546875 0.30078125 0.23046875 0.08203125
0 0.56484375 0.39296875 0.1515625 0.07421875
0 0.7796875 0.1875 0.1390625 0.09609375
0 0.821875 0.44921875 0.08671875 0.05078125
0 0.6875 0.49765625 0.134375 0.04296875
0 0.64765625 0.45546875 0.125 0.03828125
0 0.5140625 0.5046875 0.1390625 0.06015625
0 0.875 0.49765625 0.1390625 0.05546875
0 0.5484375 0.5671875 0.31484375 0.06484375
0 0.60703125 0.04453125 0.15625 0.08203125
0 0.68515625 0.678125 0.1515625 0.0453125
0 0.3796875 0.4625 0.21171875 0.04296875
0 0.984375 0.49296875 0.03125 0.0484375
0 0.3171875 0.4234375 0.115625 0.03359375
0 0.3171875 0.3609375 0.134375 0.03828125
0 0.04453125 0.0953125 0.08203125 0.10078125
0 0.196875 0.5140625 0.384375 0.08203125
0 0.2171875 0.2125 0.134375 0.09609375
0 0.7875 0.8609375 0.115625 0.040625
0 0.71015625 0.83515625 0.1296875 0.03828125