0 0.725 0.859375 0.35546875 0.14921875
0 0.196875 0.79375 0.39375 0.28125
0 0.06875 0.54453125 0.13671875 0.146875
0 0.21015625 0.428125 0.4203125 0.11796875
0 0.65625 0.42578125 0.15390625 0.06484375
0 0.7703125 0.353125 0.13203125 0.04296875
0 0.85078125 0.30625 0.11328125 0.05078125
0 0.603125 0.296875 0.290625 0.053125
0 0.08671875 0.30390625 0.1734375 0.103125
0 0.2921875 0.19609375 0.1734375 0.06484375
0 0.51171875 0.13828125 0.25703125 0.05078125
0 0.453125 0.2453125 0.33671875 0.0625
0 0.7671875 0.11640625 0.4015625 0.07421875
0 0.896875 0.16328125 0.14921875 0.0484375
0 0.4203125 0.06953125 0.30078125 0.0484375
0 0.4234375 0.0171875 0.22109375 0.03359375
0 0.5890625 0.1875 0.33671875 0.0578125