0 0.375 0.45703125 0.23046875 0.125
0 0.62890625 0.39296875 0.31015625 0.08203125
0 0.34765625 0.303125 0.196875 0.0796875
0 0.11796875 0.3296875 0.19921875 0.0890625
0 0.59609375 0.2921875 0.18984375 0.071875
0 0.12890625 0.59765625 0.2546875 0.178125
0 0.696875 0.56015625 0.39921875 0.15859375
0 0.94375 0.4734375 0.10546875 0.06953125
0 0.70703125 0.1765625 0.2953125 0.053125
0 0.46015625 0.14453125 0.18984375 0.053125
0 0.28984375 0.04921875 0.1109375 0.04296875
0 0.5375 0.9234375 0.42578125 0.146875
0 0.7515625 0.2296875 0.0796875 0.03828125
0 0.86328125 0.296875 0.07421875 0.053125
0 0.9265625 0.2515625 0.1390625 0.0453125
0 0.61171875 0.1046875 0.1703125 0.040625
0 0.9265625 0.15859375 0.1390625 0.08203125
0 0.37109375 0.078125 0.0671875 0.021875