0 0.55625 0.7234375 0.2328125 0.1296875
0 0.31015625 0.828125 0.1421875 0.13203125
0 0.4109375 0.6296875 0.12265625 0.07421875
0 0.44921875 0.5640625 0.09609375 0.06015625
0 0.5578125 0.615625 0.0984375 0.06015625
0 0.58203125 0.515625 0.0890625 0.04296875
0 0.3859375 0.4671875 0.165625 0.05546875
0 0.2765625 0.49296875 0.10078125 0.05078125
0 0.48046875 0.43125 0.0890625 0.0359375
0 0.90234375 0.70078125 0.165625 0.10546875
0 0.859375 0.6203125 0.103125 0.053125
0 0.81484375 0.571875 0.11796875 0.0625
0 0.75859375 0.4953125 0.06953125 0.02890625
0 0.69609375 0.45546875 0.071875 0.02890625
0 0.74296875 0.4203125 0.1109375 0.040625
0 0.61875 0.36171875 0.103125 0.0359375
0 0.6578125 0.3890625 0.0671875 0.0265625
0 0.5015625 0.38671875 0.06015625 0.0265625