0 0.28125 0.64296875 0.41328125 0.2671875
0 0.25390625 0.4171875 0.0765625 0.040625
0 0.134375 0.89765625 0.12734375 0.196875
0 0.6390625 0.71484375 0.1421875 0.1421875
0 0.6921875 0.87109375 0.08671875 0.13671875
0 0.81015625 0.82421875 0.12265625 0.1421875
0 0.8265625 0.66328125 0.16328125 0.1203125
0 0.87890625 0.55546875 0.2359375 0.14453125
0 0.71171875 0.45703125 0.08671875 0.08203125
0 0.76953125 0.39765625 0.13203125 0.06953125
0 0.6 0.53984375 0.14453125 0.146875
0 0.4796875 0.421875 0.071875 0.06953125
0 0.9484375 0.79296875 0.10078125 0.13203125
0 0.49296875 0.73203125 0.06484375 0.1109375