0 0.35234375 0.43515625 0.11796875 0.1078125
0 0.3609375 0.5375 0.08671875 0.0765625
0 0.47578125 0.50625 0.07421875 0.0625
0 0.584375 0.4984375 0.0765625 0.0625
0 0.57109375 0.62890625 0.0765625 0.071875
0 0.6984375 0.6390625 0.071875 0.08203125
0 0.5046875 0.3265625 0.17578125 0.16328125
0 0.56484375 0.1625 0.125 0.15390625
0 0.8453125 0.9265625 0.17578125 0.11796875
0 0.46484375 0.803125 0.115625 0.071875
0 0.31953125 0.6921875 0.07421875 0.053125
0 0.23203125 0.75234375 0.071875 0.0625
0 0.18359375 0.69140625 0.0625 0.06015625
0 0.109375 0.6453125 0.10546875 0.0765625
0 0.2203125 0.578125 0.10546875 0.09375
0 0.3234375 0.6453125 0.06015625 0.05078125
0 0.71171875 0.7875 0.06484375 0.05078125