0 0.42578125 0.80625 0.228125 0.1921875
0 0.4390625 0.49765625 0.18515625 0.10078125
0 0.36328125 0.396875 0.146875 0.06953125
0 0.35546875 0.32578125 0.103125 0.04296875
0 0.4640625 0.3703125 0.12734375 0.06015625
0 0.60703125 0.42890625 0.10078125 0.0453125
0 0.609375 0.38828125 0.084375 0.040625
0 0.53828125 0.3328125 0.053125 0.02421875
0 0.4203125 0.2984375 0.07421875 0.02890625
0 0.45546875 0.275 0.0796875 0.02890625
0 0.884375 0.76796875 0.103125 0.09375
0 0.40390625 0.234375 0.05546875 0.02421875
0 0.65234375 0.35078125 0.0796875 0.0359375