0 0.4640625 0.8140625 0.2359375 0.2015625
0 0.4390625 0.5046875 0.18984375 0.1078125
0 0.35078125 0.41484375 0.14921875 0.0765625
0 0.33515625 0.34375 0.10546875 0.0484375
0 0.4484375 0.375 0.1296875 0.0671875
0 0.59765625 0.4171875 0.103125 0.053125
0 0.5953125 0.3765625 0.084375 0.04296875
0 0.51796875 0.3296875 0.053125 0.0265625
0 0.396875 0.30859375 0.0765625 0.03359375
0 0.428125 0.2828125 0.08203125 0.03359375
0 0.91484375 0.7203125 0.1078125 0.0984375
0 0.37109375 0.24765625 0.05546875 0.0265625
0 0.63359375 0.334375 0.08203125 0.040625