0 0.36640625 0.55859375 0.0765625 0.0578125
0 0.20859375 0.896875 0.1953125 0.20625
0 0.30390625 0.94375 0.1078125 0.1125
0 0.3890625 0.76328125 0.1109375 0.1109375
0 0.4890625 0.7546875 0.1109375 0.103125
0 0.62890625 0.740625 0.0890625 0.0796875
0 0.5765625 0.86875 0.1109375 0.11796875
0 0.44453125 0.9203125 0.1203125 0.1296875
0 0.51796875 0.9703125 0.1390625 0.059375
0 0.7390625 0.90234375 0.14453125 0.1109375
0 0.47734375 0.578125 0.05078125 0.0484375
0 0.43359375 0.5609375 0.040625 0.02890625
0 0.53125 0.51328125 0.1828125 0.165625
0 0.8140625 0.634375 0.3703125 0.30546875
0 0.96640625 0.78984375 0.0671875 0.209375