0 0.3765625 0.18125 0.26953125 0.21640625
0 0.34765625 0.5 0.21171875 0.10078125
0 0.240625 0.5984375 0.1828125 0.06015625
0 0.2234375 0.671875 0.125 0.0453125
0 0.29921875 0.70546875 0.1078125 0.03828125
0 0.3453125 0.734375 0.0984375 0.03125
0 0.275 0.77265625 0.0671875 0.02890625
0 0.55625 0.59375 0.125 0.053125
0 0.55078125 0.6359375 0.0890625 0.04296875
0 0.453125 0.6828125 0.07421875 0.03359375
0 0.603125 0.67890625 0.09140625 0.03828125
0 0.65859375 0.640625 0.06484375 0.03359375
0 0.9359375 0.2703125 0.12734375 0.1078125