0 0.57421875 0.80625 0.228125 0.1921875
0 0.5609375 0.49765625 0.18515625 0.10078125
0 0.63671875 0.396875 0.146875 0.06953125
0 0.64453125 0.32578125 0.103125 0.04296875
0 0.5359375 0.3703125 0.12734375 0.06015625
0 0.39296875 0.42890625 0.10078125 0.0453125
0 0.390625 0.38828125 0.084375 0.040625
0 0.46171875 0.3328125 0.053125 0.02421875
0 0.5796875 0.2984375 0.07421875 0.02890625
0 0.54453125 0.275 0.0796875 0.02890625
0 0.115625 0.76796875 0.103125 0.09375
0 0.59609375 0.234375 0.05546875 0.02421875
0 0.34765625 0.35078125 0.0796875 0.0359375