0 0.63203125 0.5609375 0.0796875 0.06015625
0 0.78359375 0.89921875 0.196875 0.2015625
0 0.6859375 0.94453125 0.1078125 0.1109375
0 0.60546875 0.7640625 0.1109375 0.1109375
0 0.50625 0.75625 0.11328125 0.103125
0 0.36796875 0.73828125 0.09140625 0.08203125
0 0.4171875 0.86640625 0.11328125 0.1203125
0 0.546875 0.921875 0.12265625 0.13203125
0 0.4734375 0.96875 0.1390625 0.0625
0 0.25390625 0.89765625 0.14453125 0.11328125
0 0.521875 0.578125 0.053125 0.05078125
0 0.56484375 0.5625 0.040625 0.02890625
0 0.4671875 0.51171875 0.1828125 0.16796875
0 0.1859375 0.6296875 0.371875 0.3125
0 0.0328125 0.7796875 0.06484375 0.209375