0 0.41328125 0.4796875 0.39453125 0.3078125
0 0.15234375 0.80546875 0.3046875 0.2140625
0 0.8265625 0.5140625 0.25 0.12265625
0 0.83046875 0.63359375 0.25 0.13203125
0 0.79296875 0.81015625 0.21875 0.2546875
0 0.69375 0.37890625 0.26171875 0.125
0 0.66484375 0.275 0.15390625 0.0578125
0 0.37890625 0.16484375 0.1734375 0.06953125
0 0.57421875 0.19453125 0.17578125 0.0765625
0 0.7390625 0.15859375 0.13671875 0.09140625
0 0.6578125 0.0953125 0.103125 0.05078125
0 0.54921875 0.06953125 0.11796875 0.040625
0 0.4390625 0.0953125 0.11796875 0.04296875
0 0.259375 0.11328125 0.084375 0.03359375
0 0.290625 0.0640625 0.0625 0.021875
0 0.3109375 0.02265625 0.0578125 0.021875
0 0.3796875 0.03984375 0.06015625 0.0265625