0 0.65390625 0.4515625 0.1078125 0.0984375
0 0.6359375 0.5515625 0.0796875 0.06953125
0 0.52265625 0.50859375 0.06953125 0.05546875
0 0.4171875 0.4890625 0.071875 0.05546875
0 0.415625 0.6203125 0.06953125 0.06484375
0 0.2875 0.61796875 0.0671875 0.07421875
0 0.51328125 0.328125 0.1609375 0.14921875
0 0.47109375 0.1578125 0.1109375 0.14453125
0 0.11171875 0.88828125 0.165625 0.10078125
0 0.50390625 0.80546875 0.1109375 0.06015625
0 0.65859375 0.709375 0.06953125 0.0453125
0 0.740625 0.77890625 0.0671875 0.05546875
0 0.79453125 0.7234375 0.0578125 0.05546875
0 0.8734375 0.68515625 0.0984375 0.0671875
0 0.7703125 0.60703125 0.0984375 0.084375
0 0.6609375 0.6625 0.0578125 0.0453125
0 0.259375 0.76328125 0.06015625 0.0453125