0 0.34375 0.62890625 0.28125 0.2234375
0 0.71171875 0.83203125 0.4640625 0.31953125
0 0.24375 0.9421875 0.34375 0.1109375
0 0.109375 0.7875 0.1703125 0.1515625
0 0.65234375 0.4390625 0.40390625 0.2046875
0 0.303125 0.40390625 0.1609375 0.08203125
0 0.11875 0.47578125 0.14921875 0.11328125
0 0.0328125 0.5625 0.05546875 0.06484375
0 0.34140625 0.1984375 0.15859375 0.06953125
0 0.4953125 0.27734375 0.19453125 0.084375
0 0.56875 0.21015625 0.08671875 0.0453125
0 0.75390625 0.20078125 0.19921875 0.0890625
0 0.26796875 0.14765625 0.103125 0.0484375
0 0.37265625 0.11796875 0.13671875 0.053125
0 0.62265625 0.1421875 0.25234375 0.09140625
0 0.20703125 0.09765625 0.1875 0.0890625
0 0.415625 0.35234375 0.1421875 0.0671875
0 0.28984375 0.3015625 0.0671875 0.04296875
0 0.9640625 0.6625 0.071875 0.11796875