0 0.47578125 0.2703125 0.24296875 0.15859375
0 0.734375 0.2015625 0.15390625 0.14921875
0 0.60546875 0.38359375 0.12734375 0.0890625
0 0.55859375 0.44375 0.10078125 0.071875
0 0.4578125 0.37890625 0.103125 0.071875
0 0.421875 0.47265625 0.09140625 0.053125
0 0.6078125 0.5484375 0.165625 0.0765625
0 0.72109375 0.5375 0.103125 0.0625
0 0.509375 0.57109375 0.09140625 0.0484375
0 0.1296875 0.24375 0.1703125 0.125
0 0.1609375 0.33203125 0.1078125 0.0671875
0 0.1984375 0.384375 0.12265625 0.0765625
0 0.24375 0.46875 0.06953125 0.03828125
0 0.30078125 0.5171875 0.071875 0.03828125
0 0.2484375 0.54453125 0.1109375 0.05546875
0 0.36328125 0.6203125 0.10546875 0.05078125
0 0.328125 0.5875 0.0671875 0.0359375
0 0.4828125 0.61171875 0.06015625 0.03359375