0 0.9390625 0.42421875 0.115625 0.0765625
0 0.62890625 0.42890625 0.053125 0.0453125
0 0.4078125 0.25234375 0.0890625 0.06484375
0 0.31875 0.321875 0.09140625 0.040625
0 0.365625 0.37734375 0.05546875 0.03359375
0 0.459375 0.30546875 0.053125 0.0359375
0 0.509375 0.56953125 0.09140625 0.071875
0 0.6046875 0.6515625 0.16796875 0.12265625
0 0.3796875 0.53828125 0.0453125 0.0359375
0 0.334375 0.67421875 0.20703125 0.103125
0 0.32578125 0.86328125 0.18984375 0.196875
0 0.25390625 0.55625 0.12734375 0.1078125