0 0.58671875 0.5203125 0.39453125 0.3078125
0 0.84765625 0.19453125 0.3046875 0.2140625
0 0.1734375 0.4859375 0.25 0.12265625
0 0.16953125 0.36640625 0.25 0.13203125
0 0.20703125 0.18984375 0.21875 0.2546875
0 0.30625 0.62109375 0.26171875 0.125
0 0.33515625 0.725 0.15390625 0.0578125
0 0.62109375 0.83515625 0.1734375 0.06953125
0 0.42578125 0.80546875 0.17578125 0.0765625
0 0.2609375 0.84140625 0.13671875 0.09140625
0 0.3421875 0.9046875 0.103125 0.05078125
0 0.45078125 0.93046875 0.11796875 0.040625
0 0.5609375 0.9046875 0.11796875 0.04296875
0 0.740625 0.88671875 0.084375 0.03359375
0 0.709375 0.9359375 0.0625 0.021875
0 0.6890625 0.97734375 0.0578125 0.021875
0 0.6203125 0.96015625 0.06015625 0.0265625