0 0.6609375 0.50390625 0.09375 0.0578125
0 0.68125 0.5421875 0.06484375 0.040625
0 0.64765625 0.34140625 0.071875 0.0453125
0 0.6609375 0.2359375 0.10078125 0.0625
0 0.4953125 0.19375 0.23828125 0.18046875
0 0.10703125 0.4265625 0.0625 0.06015625
0 0.31484375 0.34609375 0.0671875 0.06484375
0 0.490625 0.58671875 0.05546875 0.03359375
0 0.2671875 0.6734375 0.1515625 0.06953125
0 0.11328125 0.65625 0.0484375 0.03359375
0 0.15625 0.61875 0.0484375 0.03125
0 0.04453125 0.56484375 0.08203125 0.040625
0 0.06484375 0.5890625 0.0625 0.03125
0 0.3125 0.46484375 0.0671875 0.040625
0 0.2484375 0.43515625 0.04296875 0.03359375
0 0.2921875 0.09765625 0.1390625 0.1421875