0 0.65625 0.37109375 0.28125 0.2234375
0 0.28828125 0.16796875 0.4640625 0.31953125
0 0.75625 0.0578125 0.34375 0.1109375
0 0.890625 0.2125 0.1703125 0.1515625
0 0.34765625 0.5609375 0.40390625 0.2046875
0 0.696875 0.59609375 0.1609375 0.08203125
0 0.88125 0.52421875 0.14921875 0.11328125
0 0.9671875 0.4375 0.05546875 0.06484375
0 0.65859375 0.8015625 0.15859375 0.06953125
0 0.5046875 0.72265625 0.19453125 0.084375
0 0.43125 0.78984375 0.08671875 0.0453125
0 0.24609375 0.79921875 0.19921875 0.0890625
0 0.73203125 0.85234375 0.103125 0.0484375
0 0.62734375 0.88203125 0.13671875 0.053125
0 0.37734375 0.8578125 0.25234375 0.09140625
0 0.79296875 0.90234375 0.1875 0.0890625
0 0.584375 0.64765625 0.1421875 0.0671875
0 0.71015625 0.6984375 0.0671875 0.04296875
0 0.0359375 0.3375 0.071875 0.11796875