0 0.6875 0.57421875 0.2984375 0.24765625
0 0.4015625 0.8484375 0.4859375 0.2984375
0 0.8546875 0.865625 0.290625 0.1875
0 0.93359375 0.65390625 0.13203125 0.16796875
0 0.33515625 0.4890625 0.415625 0.240625
0 0.6578125 0.34765625 0.16328125 0.09609375
0 0.8546875 0.359375 0.15625 0.12734375
0 0.9640625 0.41484375 0.0625 0.06953125
0 0.5578125 0.16484375 0.1609375 0.084375
0 0.4359375 0.2875 0.19921875 0.10078125
0 0.3453125 0.2453125 0.0890625 0.053125
0 0.165625 0.29296875 0.2046875 0.1078125
0 0.61171875 0.0921875 0.10546875 0.0578125
0 0.50234375 0.09765625 0.1390625 0.0671875
0 0.271875 0.196875 0.2546875 0.115625
0 0.65390625 0.040625 0.1921875 0.08125
0 0.53515625 0.3328125 0.14453125 0.0796875
0 0.6390625 0.24609375 0.06953125 0.05078125
0 0.09609375 0.80078125 0.103125 0.12265625