0 0.3453125 0.4546875 0.0890625 0.04296875
0 0.33515625 0.4125 0.06015625 0.02890625
0 0.31640625 0.615625 0.0671875 0.03359375
0 0.2765625 0.7140625 0.09609375 0.0453125
0 0.42578125 0.796875 0.21640625 0.14453125
0 0.8609375 0.6734375 0.05546875 0.053125
0 0.63828125 0.69609375 0.0578125 0.05546875
0 0.53125 0.41953125 0.05078125 0.02421875
0 0.7703125 0.39296875 0.14921875 0.04296875
0 0.91484375 0.44921875 0.04296875 0.0265625
0 0.86328125 0.475 0.04296875 0.02421875
0 0.95703125 0.55546875 0.0765625 0.02890625
0 0.9421875 0.5265625 0.06015625 0.01953125
0 0.6734375 0.58203125 0.06484375 0.02890625
0 0.725 0.62890625 0.040625 0.0265625
0 0.5953125 0.93984375 0.12265625 0.1203125