0 0.79296875 0.5203125 0.06015625 0.053125
0 0.6203125 0.646875 0.25 0.07421875
0 0.12265625 0.37109375 0.23828125 0.290625
0 0.05078125 0.1078125 0.10078125 0.21171875
0 0.55859375 0.15625 0.37265625 0.2671875
0 0.75703125 0.31015625 0.0796875 0.07421875
0 0.52421875 0.4625 0.1296875 0.08203125
0 0.3859375 0.3765625 0.06015625 0.03828125
0 0.33671875 0.58515625 0.06015625 0.04296875
0 0.7015625 0.553125 0.11328125 0.0671875
0 0.71875 0.47734375 0.0484375 0.03359375
0 0.83515625 0.38828125 0.0578125 0.0578125
0 0.7984375 0.2234375 0.06015625 0.06015625
0 0.38203125 0.68125 0.1703125 0.04296875