0 0.5328125 0.271875 0.240625 0.1515625
0 0.2765625 0.19375 0.1515625 0.14453125
0 0.39765625 0.3796875 0.125 0.08671875
0 0.44375 0.4421875 0.10078125 0.06953125
0 0.5453125 0.3796875 0.103125 0.06953125
0 0.5796875 0.47578125 0.09140625 0.05078125
0 0.390625 0.54453125 0.165625 0.071875
0 0.27734375 0.5296875 0.103125 0.06015625
0 0.48828125 0.56953125 0.09140625 0.04296875
0 0.87890625 0.25703125 0.1703125 0.1203125
0 0.8453125 0.3421875 0.10546875 0.0625
0 0.80625 0.3953125 0.1203125 0.071875
0 0.75703125 0.47734375 0.06953125 0.0359375
0 0.69921875 0.52421875 0.071875 0.0359375
0 0.75 0.55390625 0.1109375 0.05078125
0 0.63203125 0.625 0.10546875 0.0484375
0 0.66796875 0.59375 0.0671875 0.03359375
0 0.51328125 0.61328125 0.06015625 0.03125