0 0.4671875 0.271875 0.240625 0.1515625
0 0.7234375 0.19375 0.1515625 0.14453125
0 0.60234375 0.3796875 0.125 0.08671875
0 0.55625 0.4421875 0.10078125 0.06953125
0 0.4546875 0.3796875 0.103125 0.06953125
0 0.4203125 0.47578125 0.09140625 0.05078125
0 0.609375 0.54453125 0.165625 0.071875
0 0.72265625 0.5296875 0.103125 0.06015625
0 0.51171875 0.56953125 0.09140625 0.04296875
0 0.12109375 0.25703125 0.1703125 0.1203125
0 0.1546875 0.3421875 0.10546875 0.0625
0 0.19375 0.3953125 0.1203125 0.071875
0 0.24296875 0.47734375 0.06953125 0.0359375
0 0.30078125 0.52421875 0.071875 0.0359375
0 0.25 0.55390625 0.1109375 0.05078125
0 0.36796875 0.625 0.10546875 0.0484375
0 0.33203125 0.59375 0.0671875 0.03359375
0 0.48671875 0.61328125 0.06015625 0.03125