0 0.47578125 0.7296875 0.24296875 0.15859375
0 0.734375 0.7984375 0.15390625 0.14921875
0 0.60546875 0.61640625 0.12734375 0.0890625
0 0.55859375 0.55625 0.10078125 0.071875
0 0.4578125 0.62109375 0.103125 0.071875
0 0.421875 0.52734375 0.09140625 0.053125
0 0.6078125 0.4515625 0.165625 0.0765625
0 0.72109375 0.4625 0.103125 0.0625
0 0.509375 0.42890625 0.09140625 0.0484375
0 0.1296875 0.75625 0.1703125 0.125
0 0.1609375 0.66796875 0.1078125 0.0671875
0 0.1984375 0.615625 0.12265625 0.0765625
0 0.24375 0.53125 0.06953125 0.03828125
0 0.30078125 0.4828125 0.071875 0.03828125
0 0.2484375 0.45546875 0.1109375 0.05546875
0 0.36328125 0.3796875 0.10546875 0.05078125
0 0.328125 0.4125 0.0671875 0.0359375
0 0.4828125 0.38828125 0.06015625 0.03359375