0 0.4640625 0.1859375 0.2359375 0.2015625
0 0.4390625 0.4953125 0.18984375 0.1078125
0 0.35078125 0.58515625 0.14921875 0.0765625
0 0.33515625 0.65625 0.10546875 0.0484375
0 0.4484375 0.625 0.1296875 0.0671875
0 0.59765625 0.5828125 0.103125 0.053125
0 0.5953125 0.6234375 0.084375 0.04296875
0 0.51796875 0.6703125 0.053125 0.0265625
0 0.396875 0.69140625 0.0765625 0.03359375
0 0.428125 0.7171875 0.08203125 0.03359375
0 0.91484375 0.2796875 0.1078125 0.0984375
0 0.37109375 0.75234375 0.05546875 0.0265625
0 0.63359375 0.665625 0.08203125 0.040625