0 0.71875 0.35703125 0.41328125 0.2671875
0 0.74609375 0.5828125 0.0765625 0.040625
0 0.865625 0.10234375 0.12734375 0.196875
0 0.3609375 0.28515625 0.1421875 0.1421875
0 0.3078125 0.12890625 0.08671875 0.13671875
0 0.18984375 0.17578125 0.12265625 0.1421875
0 0.1734375 0.33671875 0.16328125 0.1203125
0 0.12109375 0.44453125 0.2359375 0.14453125
0 0.28828125 0.54296875 0.08671875 0.08203125
0 0.23046875 0.60234375 0.13203125 0.06953125
0 0.4 0.46015625 0.14453125 0.146875
0 0.5203125 0.578125 0.071875 0.06953125
0 0.0515625 0.20703125 0.10078125 0.13203125
0 0.50703125 0.26796875 0.06484375 0.1109375