0 0.64765625 0.56484375 0.11796875 0.1078125
0 0.6390625 0.4625 0.08671875 0.0765625
0 0.52421875 0.49375 0.07421875 0.0625
0 0.415625 0.5015625 0.0765625 0.0625
0 0.42890625 0.37109375 0.0765625 0.071875
0 0.3015625 0.3609375 0.071875 0.08203125
0 0.4953125 0.6734375 0.17578125 0.16328125
0 0.43515625 0.8375 0.125 0.15390625
0 0.1546875 0.0734375 0.17578125 0.11796875
0 0.53515625 0.196875 0.115625 0.071875
0 0.68046875 0.3078125 0.07421875 0.053125
0 0.76796875 0.24765625 0.071875 0.0625
0 0.81640625 0.30859375 0.0625 0.06015625
0 0.890625 0.3546875 0.10546875 0.0765625
0 0.7796875 0.421875 0.10546875 0.09375
0 0.6765625 0.3546875 0.06015625 0.05078125
0 0.28828125 0.2125 0.06484375 0.05078125