0 0.64296875 0.4265625 0.09375 0.0578125
0 0.64453125 0.38203125 0.06484375 0.040625
0 0.703125 0.578125 0.071875 0.0453125
0 0.7609375 0.6671875 0.10078125 0.0625
0 0.6296875 0.77734375 0.23828125 0.18046875
0 0.17890625 0.73828125 0.0625 0.06015625
0 0.4015625 0.71875 0.0671875 0.06484375
0 0.453125 0.4265625 0.05546875 0.03359375
0 0.2140625 0.44609375 0.1515625 0.06953125
0 0.084375 0.5296875 0.0484375 0.03359375
0 0.1390625 0.54453125 0.0484375 0.03125
0 0.0625 0.6421875 0.08203125 0.040625
0 0.06953125 0.6109375 0.0625 0.03125
0 0.34609375 0.61328125 0.0671875 0.040625
0 0.303125 0.66796875 0.04296875 0.03359375
0 0.4890625 0.93984375 0.1421875 0.115625