0 0.53359375 0.7078125 0.0984375 0.09609375
0 0.475 0.79921875 0.06015625 0.0625
0 0.44140625 0.5953125 0.09140625 0.11328125
0 0.5140625 0.43515625 0.1078125 0.071875
0 0.5015625 0.484375 0.07421875 0.04296875
0 0.24375 0.43125 0.0765625 0.12265625
0 0.1734375 0.2828125 0.115625 0.165625
0 0.3234375 0.62109375 0.0578125 0.0765625
0 0.38359375 0.74296875 0.071875 0.09140625
0 0.5515625 0.61328125 0.0453125 0.03828125
0 0.553125 0.5765625 0.04296875 0.02890625
0 0.5421875 0.65 0.03359375 0.02890625
0 0.5453125 0.8328125 0.040625 0.02890625