0 0.71171875 0.23203125 0.30078125 0.259375
0 0.646875 0.5453125 0.2234375 0.13671875
0 0.71875 0.66953125 0.1875 0.09375
0 0.7140625 0.7453125 0.12734375 0.0671875
0 0.63203125 0.75625 0.11328125 0.0578125
0 0.58046875 0.7703125 0.0984375 0.0484375
0 0.6359375 0.82578125 0.06953125 0.040625
0 0.41796875 0.571875 0.1296875 0.07421875
0 0.4125 0.615625 0.09375 0.06015625
0 0.49140625 0.6890625 0.0796875 0.0484375
0 0.3484375 0.640625 0.09609375 0.05546875
0 0.30625 0.5875 0.0671875 0.04296875
0 0.15 0.1515625 0.14453125 0.12734375