0 0.0609375 0.42421875 0.115625 0.0765625
0 0.37109375 0.42890625 0.053125 0.0453125
0 0.5921875 0.25234375 0.0890625 0.06484375
0 0.68125 0.321875 0.09140625 0.040625
0 0.634375 0.37734375 0.05546875 0.03359375
0 0.540625 0.30546875 0.053125 0.0359375
0 0.490625 0.56953125 0.09140625 0.071875
0 0.3953125 0.6515625 0.16796875 0.12265625
0 0.6203125 0.53828125 0.0453125 0.0359375
0 0.665625 0.67421875 0.20703125 0.103125
0 0.67421875 0.86328125 0.18984375 0.196875
0 0.74609375 0.55625 0.12734375 0.1078125